{
  "noise_sensitivity": [
    {
      "noise_level": 0.0,
      "ari_with_base": 1.0,
      "nmi_with_base": 1.0,
      "silhouette_score": 0.3364344835281372,
      "n_clusters": 512
    },
    {
      "noise_level": 0.01,
      "ari_with_base": 0.39964342410547815,
      "nmi_with_base": 0.7760256036986061,
      "silhouette_score": 0.331806480884552,
      "n_clusters": 512
    },
    {
      "noise_level": 0.05,
      "ari_with_base": 0.3912955952502568,
      "nmi_with_base": 0.7735164563587724,
      "silhouette_score": 0.3376862704753876,
      "n_clusters": 512
    },
    {
      "noise_level": 0.1,
      "ari_with_base": 0.3904068085446231,
      "nmi_with_base": 0.7719088878148616,
      "silhouette_score": 0.307208776473999,
      "n_clusters": 512
    },
    {
      "noise_level": 0.2,
      "ari_with_base": 0.37435241882431974,
      "nmi_with_base": 0.7687283906401309,
      "silhouette_score": 0.31280624866485596,
      "n_clusters": 512
    }
  ],
  "parameter_stability": {
    "umap_n_components": [
      {
        "value": 50,
        "silhouette": 0.3352813124656677,
        "inertia": 12536.6728515625
      },
      {
        "value": 75,
        "silhouette": 0.33355918526649475,
        "inertia": 12497.78515625
      },
      {
        "value": 100,
        "silhouette": 0.3340218961238861,
        "inertia": 12539.31640625
      }
    ],
    "umap_n_neighbors": [
      {
        "value": 10,
        "silhouette": 0.34225571155548096,
        "inertia": 21766.5546875
      },
      {
        "value": 15,
        "silhouette": 0.3398858904838562,
        "inertia": 12497.7666015625
      },
      {
        "value": 30,
        "silhouette": 0.32985720038414,
        "inertia": 7625.9541015625
      }
    ],
    "kmeans_n_clusters": [
      {
        "value": 400,
        "silhouette": 0.33275631070137024,
        "inertia": 16239.328125
      },
      {
        "value": 512,
        "silhouette": 0.34017327427864075,
        "inertia": 12497.787109375
      },
      {
        "value": 600,
        "silhouette": 0.35085901618003845,
        "inertia": 10602.142578125
      }
    ]
  },
  "multiple_runs": {
    "n_runs": 10,
    "mean_ari": 0.5184198450790074,
    "std_ari": 0.010071932647970393,
    "mean_silhouette": 0.33767620623111727,
    "std_silhouette": 0.0038191271292391943,
    "cv_silhouette": 1.1310027353912084,
    "all_scores": [
      0.3350878059864044,
      0.3378223478794098,
      0.3384653627872467,
      0.33683541417121887,
      0.3335181772708893,
      0.332210510969162,
      0.3469078540802002,
      0.3380752503871918,
      0.33787840604782104,
      0.3399609327316284
    ],
    "ari_matrix": [
      [
        0.0,
        0.5291411215723755,
        0.5124847926117044,
        0.514183228408071,
        0.5033936948248937,
        0.5178381401685545,
        0.5119449680421487,
        0.5058167868656225,
        0.5299943227984766,
        0.516613571864002
      ],
      [
        0.5291411215723755,
        0.0,
        0.5192552995806243,
        0.508709561879264,
        0.5134949603696809,
        0.5226887804211763,
        0.5236288097138149,
        0.5134809030677674,
        0.5319594126172371,
        0.5339470331149015
      ],
      [
        0.5124847926117044,
        0.5192552995806243,
        0.0,
        0.4939257007470482,
        0.4960007416253302,
        0.522117527167396,
        0.517474266274557,
        0.5179125019472919,
        0.5227465026705629,
        0.5280811304051883
      ],
      [
        0.514183228408071,
        0.508709561879264,
        0.4939257007470482,
        0.0,
        0.49934085852033705,
        0.5260286837563753,
        0.5098024427083564,
        0.5158979900070224,
        0.5204483858790765,
        0.5181604420576814
      ],
      [
        0.5033936948248937,
        0.5134949603696809,
        0.4960007416253302,
        0.49934085852033705,
        0.0,
        0.5141922868661971,
        0.5051928677718884,
        0.5056519460799965,
        0.5164611704606439,
        0.521240394148794
      ],
      [
        0.5178381401685545,
        0.5226887804211763,
        0.522117527167396,
        0.5260286837563753,
        0.5141922868661971,
        0.0,
        0.5293456358128747,
        0.5154472849681184,
        0.5298194085154528,
        0.5301391281523498
      ],
      [
        0.5119449680421487,
        0.5236288097138149,
        0.517474266274557,
        0.5098024427083564,
        0.5051928677718884,
        0.5293456358128747,
        0.0,
        0.5233972460304112,
        0.5238539217770242,
        0.5336137574586542
      ],
      [
        0.5058167868656225,
        0.5134809030677674,
        0.5179125019472919,
        0.5158979900070224,
        0.5056519460799965,
        0.5154472849681184,
        0.5233972460304112,
        0.0,
        0.5221810830066645,
        0.5235701462445735
      ],
      [
        0.5299943227984766,
        0.5319594126172371,
        0.5227465026705629,
        0.5204483858790765,
        0.5164611704606439,
        0.5298194085154528,
        0.5238539217770242,
        0.5221810830066645,
        0.0,
        0.5382741895751559
      ],
      [
        0.516613571864002,
        0.5339470331149015,
        0.5280811304051883,
        0.5181604420576814,
        0.521240394148794,
        0.5301391281523498,
        0.5336137574586542,
        0.5235701462445735,
        0.5382741895751559,
        0.0
      ]
    ]
  },
  "subgroup_fairness": {}
}